0 0
1 1
2 0
3 1
4 0
5 0
6 1
7 1
8 0
9 1
10 1
11 1
12 0
13 1
14 1
15 0
16 1
17 0
18 1
19 1
20 0
21 0
22 1
23 0
24 1
25 1
26 1
27 0
28 0
29 1
30 0
31 0
32 0
33 1
34 0
35 1
36 0
37 0
38 1
39 1
40 0
41 0
42 1
43 0
44 1
45 1
46 1
47 0
48 1
49 0
50 0
51 1
52 1
53 0
54 0
55 0
56 0
57 0
58 1
59 1
60 1
61 1
62 1
63 0
64 0
65 0
66 0
67 0
68 1
69 0
70 0
71 0
72 1
73 1
74 1
75 0
76 0
77 0
78 1
79 0
80 1
81 0
82 0
83 0
84 0
85 1
86 0
87 0
88 0
89 0
90 1
91 1
92 0
93 1
94 0
95 0
96 0
97 1
98 1
99 0
100 1
101 0
102 0
103 1
104 0
105 0
106 0
107 1
108 1
109 0
110 1
111 1
112 0
113 1
114 0
115 0
116 0
117 0
118 0
119 0
120 0
121 0
122 1
123 1
124 0
125 1
126 0
127 0
128 1
129 0
130 1
131 1
132 0
133 0
134 0
135 0
136 0
137 1
138 0
139 0
140 0
141 0
142 0
143 0
144 0
145 0
146 0
147 0
148 0
149 1
150 1
151 0
152 1
153 1
154 0
155 0
156 0
157 1
158 0
159 0
160 0
161 1
162 0
163 1
164 1
165 0
166 1
167 0
168 1
169 0
170 0
171 0
172 0
173 1
174 1
175 1
176 0
177 0
178 0
179 1
180 0
181 0
182 1
183 1
184 1
185 1
186 0
187 1
188 1
189 0
190 0
191 0
192 1
193 0
194 1
195 0
196 0
197 0
198 1
199 1
200 0
201 1
202 1
203 0
204 0
205 1
206 1
207 0
208 1
209 0
210 1
211 0
212 0
213 1
214 0
215 1
216 1
217 1
218 0
219 1
220 0
221 0
222 0
223 1
224 1
225 1
226 0
227 1
228 0
229 0
230 1
231 0
232 1
233 0
234 1
235 0
236 0
237 1
238 0
239 0
240 1
241 1
242 1
243 1
244 1
245 1
246 1
247 1
248 1
249 0
250 0
251 1
252 0
253 1
254 0
255 1
256 0
257 0
258 0
259 1
260 0
261 0
262 1
263 0
264 1
265 1
266 1
267 1
268 0
269 0
270 1
271 0
272 0
273 1
274 1
275 0
276 1
277 0
278 0
279 0
280 0
281 0
282 1
283 1
284 0
285 0
286 1
287 0
288 1
289 1
290 0
291 1
292 1
293 1
294 1
295 0
296 0
297 1
298 0
299 0
300 1
301 0
302 0
303 1
304 1
305 0
306 1
307 1
308 1
309 0
310 1
311 1
312 0
313 1
314 0
315 1
316 1
317 0
318 0
319 1
320 0
321 0
322 1
323 0
324 1
325 0
326 1
327 0
328 1
329 0
330 1
331 1
332 0
333 0
334 0
335 0
336 0
337 0
338 0
339 0
340 0
341 0
342 0
343 0
344 0
345 1
346 0
347 0
348 0
349 0
350 1
351 0
352 0
353 1
354 0
355 0
356 1
357 1
358 0
359 0
360 1
361 1
362 0
363 1
364 1
365 1
366 1
367 1
368 1
369 0
370 0
371 0
372 1
373 0
374 0
375 1
376 0
377 0
378 1
379 1
380 0
381 1
382 1
383 0
384 1
385 1
386 1
387 1
388 0
389 0
390 0
391 0
392 0
393 1
394 1
395 1
396 0
397 0
398 0
399 0
400 0
401 0
402 1
403 0
404 1
405 0
406 1
407 0
408 0
409 0
410 1
411 1
412 1
413 0
414 1
415 0
416 0
417 0
418 0
419 0
420 1
421 0
422 1
423 0
424 0
425 0
426 0
427 1
428 0
429 1
430 0
431 0
432 1
433 0
434 0
435 1
436 1
437 1
438 0
439 0
440 1
441 1
442 0
443 0
444 0
445 1
446 1
447 0
448 0
449 0
450 0
451 1
452 0
453 1
454 0
455 1
456 0
457 1
458 1
459 0
460 0
461 1
462 0
463 1
464 1
465 1
466 0
467 1
468 1
469 1
470 1
471 1
472 1
473 0
474 1
475 1
476 0
477 1
478 1
479 0
480 0
481 1
482 1
483 1
484 0
485 0
486 1
487 0
488 0
489 1
490 0
491 0
492 1
493 1
494 1
495 0
496 1
497 1
498 1
499 0
500 0
501 0
502 0
503 1
504 0
505 0
506 0
507 1
508 0
509 0
510 0
511 1
512 0
513 0
514 1
515 1
516 0
517 0
518 0
519 0
520 0
521 0
522 0
523 1
524 1
525 1
526 0
527 0
528 0
529 1
530 1
531 1
532 1
533 0
534 0
535 0
536 1
537 0
538 0
539 0
540 0
541 1
542 1
543 1
544 1
545 0
546 0
547 0
548 0
549 0
550 0
551 0
552 1
553 1
554 1
555 0
556 1
557 1
558 1
559 0
560 0
561 0
562 1
563 0
564 0
565 1
566 1
567 0
568 0
569 1
570 0
571 0
572 0
573 0
574 0
575 1
576 0
577 0
578 0
579 0
580 0
581 0
582 1
583 0
584 1
585 1
586 0
587 1
588 0
589 1
590 0
591 0
592 0
593 0
594 1
595 0
596 0
597 0
598 0
599 1
600 1
601 0
602 0
603 0
604 1
605 0
606 0
607 1
608 1
609 0
610 1
611 0
612 0
613 0
614 1
615 0
616 0
617 0
618 1
619 0
620 0
621 1
622 0
623 1
624 0
625 0
626 1
627 1
628 0
629 0
630 0
631 1
632 1
633 0
634 1
635 0
636 0
637 0
638 1
639 0
640 1
641 0
642 0
643 0
644 0
645 1
646 0
647 1
648 1
649 0
650 0
651 1
652 1
653 1
654 1
655 0
656 0
657 0
658 1
659 1
660 1
661 1
662 1
663 0
664 0
665 0
666 1
667 1
668 0
669 0
670 0
671 0
672 0
673 0
674 0
675 0
676 0
677 1
678 1
679 1
680 1
681 0
682 1
683 1
684 1
685 1
686 0
687 1
688 1
689 0
690 1
691 0
692 0
693 1
694 0
695 0
696 1
697 0
698 1
699 0
700 0
701 0
702 1
703 1
704 0
705 0
706 1
707 1
708 0
709 1
710 0
711 0
712 0
713 1
714 1
715 1
716 0
717 1
718 0
719 0
720 0
721 1
722 0
723 0
724 0
725 0
726 0
727 0
728 0
729 0
730 1
731 0
732 1
733 0
734 0
735 1
736 1
737 1
738 0
739 0
740 1
741 0
742 1
743 1
744 1
745 1
746 1
747 0
748 0
749 0
750 0
751 0
752 1
753 1
754 0
755 0
756 0
757 1
758 0
759 0
760 0
761 0
762 0
763 0
764 0
765 1
766 0
767 1
768 1
769 0
770 0
771 0
772 1
773 0
774 0
775 0
776 1
777 1
778 0
779 0
780 1
781 0
782 1
783 1
784 1
785 0
786 1
787 1
788 0
789 0
790 0
791 0
792 0
793 0
794 0
795 1
796 1
797 0
798 1
799 1
800 1
801 0
802 0
803 0
804 1
805 0
806 0
807 0
808 0
809 0
810 0
811 1
812 0
813 0
814 0
815 1
816 1
817 0
818 0
819 0
820 0
821 1
822 0
823 1
824 0
825 0
826 1
827 0
828 1
829 0
830 1
831 0
832 1
833 0
834 0
835 0
836 0
837 1
838 1
839 1
840 0
841 1
842 1
843 1
844 0
845 0
846 0
847 1
848 0
849 0
850 1
851 1
852 0
853 1
854 1
855 1
856 0
857 0
858 1
859 0
860 0
861 0
862 1
863 0
864 0
865 1
866 0
867 1
868 0
869 0
870 0
871 0
872 1
873 0
874 1
875 0
876 0
877 1
878 1
879 0
880 0
881 0
882 0
883 0
884 1
885 1
886 0
887 1
888 1
889 1
890 1
891 0
892 0
893 1
894 0
895 0
896 0
897 1
898 0
899 1
900 1
901 1
902 1
903 0
904 1
905 0
906 0
907 1
908 1
909 0
910 0
911 0
912 1
913 1
914 0
915 1
916 0
917 1
918 0
919 1
920 1
921 1
922 0
923 0
924 0
925 0
926 1
927 0
928 0
929 0
930 0
931 0
932 0
933 0
934 1
935 1
936 1
937 1
938 0
939 1
940 0
941 1
942 0
943 1
944 0
945 0
946 0
947 1
948 1
949 0
950 1
951 1
952 0
953 1
954 0
955 1
956 1
957 1
958 0
959 0
960 0
961 1
962 1
963 0
964 0
965 1
966 0
967 0
968 1
969 0
970 1
971 0
972 0
973 1
974 0
975 1
976 1
977 0
978 1
979 1
980 1
981 0
982 0
983 0
984 0
985 0
986 0
987 1
988 1
989 1
990 0
991 1
992 0
993 0
994 0
995 0
996 1
997 1
998 0
999 0
1000 1
1001 0
1002 1
1003 0
1004 0
1005 0
1006 0
1007 0
1008 0
1009 1
1010 1
1011 1
1012 0
1013 0
1014 0
1015 0
1016 0
1017 0
1018 0
1019 1
1020 1
1021 1
1022 1
1023 1
1024 0
1025 0
1026 1
1027 0
1028 1
1029 0
1030 0
1031 1
1032 1
1033 1
1034 0
1035 0
1036 0
1037 1
1038 1
1039 1
1040 0
1041 1
1042 0
1043 0
1044 0
1045 0
1046 0
1047 1
1048 0
1049 0
1050 0
1051 1
1052 0
1053 0
1054 0
1055 0
1056 1
1057 0
1058 1
1059 0
1060 0
1061 1
1062 0
1063 1
1064 0
1065 0
1066 0
1067 0
1068 0
1069 0
1070 1
1071 1
1072 1
1073 1
1074 0
1075 1
1076 1
1077 0
1078 0
1079 1
1080 0
1081 0
1082 1
1083 0
1084 1
1085 1
1086 0
1087 0
1088 0
1089 0
1090 1
1091 1
1092 0
1093 1
1094 0
1095 1
1096 0
1097 0
1098 0
1099 1
1100 1
1101 0
1102 0
1103 0
1104 0
1105 0
1106 1
1107 0
1108 0
1109 1
1110 1
1111 1
1112 1
1113 1
1114 1
1115 0
1116 1
1117 1
1118 0
1119 0
1120 1
1121 0
1122 1
1123 1
1124 0
1125 1
1126 0
1127 1
1128 0
1129 0
1130 0
1131 0
1132 1
1133 0
1134 1
1135 0
1136 0
1137 0
1138 0
1139 0
1140 0
1141 0
1142 1
1143 0
1144 0
1145 0
1146 0
1147 0
1148 0
1149 0
1150 0
1151 0
1152 0
1153 1
1154 1
1155 1
1156 0
1157 0
1158 0
1159 1
1160 1
1161 1
1162 1
1163 1
1164 0
1165 1
1166 0
1167 1
1168 1
1169 0
1170 0
1171 1
1172 1
1173 1
1174 1
1175 1
1176 0
1177 0
1178 1
1179 1
1180 0
1181 1
1182 0
1183 0
1184 0
1185 1
1186 0
1187 0
1188 0
1189 0
1190 1
1191 0
1192 0
1193 1
1194 1
1195 1
1196 0
1197 0
1198 0
1199 0
1200 0
1201 0
1202 0
1203 1
1204 1
1205 1
1206 0
1207 1
1208 1
1209 0
1210 0
1211 0
1212 0
1213 0
1214 1
1215 0
1216 0
1217 0
1218 0
1219 1
1220 0
1221 0
1222 0
1223 1
1224 1
1225 0
1226 1
1227 0
1228 0
1229 0
1230 0
1231 1
1232 1
1233 0
1234 1
1235 0
1236 1
1237 1
1238 0
1239 1
1240 0
1241 1
1242 1
1243 1
1244 0
1245 1
1246 1
1247 1
1248 0
1249 0
1250 1
1251 0
1252 1
1253 0
1254 1
1255 1
1256 0
1257 0
1258 0
1259 1
1260 1
1261 0
1262 1
1263 0
1264 1
1265 0
1266 0
1267 0
1268 0
1269 0
1270 0
1271 1
1272 1
1273 1
1274 1
1275 0
1276 0
1277 0
1278 0
1279 0
1280 1
1281 0
1282 1
1283 1
1284 0
1285 1
1286 0
1287 1
1288 1
1289 1
1290 1
1291 0
1292 1
1293 0
1294 0
1295 1
1296 0
1297 0
1298 0
1299 0
1300 0
1301 1
1302 1
1303 0
1304 1
1305 1
1306 1
1307 1
1308 1
1309 1
1310 1
1311 0
1312 0
1313 0
1314 1
1315 1
1316 0
1317 0
1318 0
1319 0
1320 1
1321 1
1322 1
1323 0
1324 1
1325 0
1326 0
1327 1
1328 0
1329 0
1330 0
1331 1
1332 1
1333 0
1334 1
1335 0
1336 1
1337 0
1338 0
1339 0
1340 1
1341 0
1342 1
1343 0
1344 0
1345 1
1346 0
1347 0
1348 1
1349 1
1350 0
1351 0
1352 0
1353 1
1354 1
1355 1
1356 1
1357 0
1358 1
1359 0
1360 1
1361 0
1362 0
1363 0
1364 0
1365 0
1366 1
1367 0
1368 0
1369 1
1370 1
1371 1
1372 0
1373 0
1374 1
1375 1
1376 0
1377 1
1378 1
1379 1
1380 0
1381 0
1382 0
1383 0
1384 1
1385 1
1386 0
1387 1
1388 0
1389 0
1390 0
1391 1
1392 0
1393 1
1394 1
1395 0
1396 1
1397 0
1398 0
1399 1
1400 1
1401 0
1402 0
1403 0
1404 0
1405 1
1406 1
1407 0
1408 0
1409 0
1410 1
1411 0
1412 1
1413 1
1414 0
1415 0
1416 0
1417 0
1418 0
1419 0
1420 0
1421 1
1422 0
1423 0
1424 1
1425 1
1426 0
1427 0
1428 1
1429 0
1430 1
1431 1
1432 0
1433 0
1434 0
1435 0
1436 0
1437 0
1438 0
1439 0
1440 0
1441 0
1442 1
1443 0
1444 1
1445 0
1446 1
1447 0
1448 1
1449 1
1450 1
1451 0
1452 0
1453 1
1454 0
1455 1
1456 1
1457 1
1458 0
1459 0
1460 1
1461 1
1462 1
1463 0
1464 1
1465 0
1466 1
1467 0
1468 1
1469 0
1470 0
1471 1
1472 1
1473 0
1474 0
1475 0
1476 0
1477 1
1478 1
1479 1
1480 0
1481 1
1482 1
1483 0
1484 0
1485 1
1486 1
1487 1
1488 1
1489 0
1490 0
1491 1
1492 1
1493 0
1494 1
1495 0
1496 0
1497 0
1498 1
1499 0
1500 0
1501 0
1502 1
1503 1
1504 1
1505 0
1506 0
1507 1
1508 0
1509 0
1510 0
1511 1
1512 0
1513 0
1514 0
1515 1
1516 0
1517 0
1518 1
1519 1
1520 1
1521 1
1522 1
1523 0
1524 1
1525 0
1526 1
1527 0
1528 1
1529 0
1530 1
1531 0
1532 0
1533 0
1534 0
1535 1
1536 0
1537 0
1538 1
1539 1
1540 1
1541 0
1542 1
1543 0
1544 0
1545 0
1546 0
1547 1
1548 0
1549 1
1550 1
1551 1
1552 1
1553 0
1554 1
1555 0
1556 1
1557 0
1558 1
1559 0
1560 1
1561 0
1562 1
1563 0
1564 0
1565 0
1566 0
1567 0
1568 0
1569 1
1570 0
1571 0
1572 1
1573 1
1574 0
1575 1
1576 0
1577 0
1578 0
1579 0
1580 0
1581 0
1582 0
1583 1
1584 0
1585 1
1586 1
1587 1
1588 1
1589 0
1590 0
1591 0
1592 1
1593 1
1594 1
1595 0
1596 1
1597 0
1598 0
1599 0
1600 1
1601 1
1602 0
1603 0
1604 1
1605 0
1606 1
1607 0
1608 0
1609 1
1610 0
1611 1
1612 0
1613 0
1614 1
1615 0
1616 0
1617 0
1618 0
1619 1
1620 1
1621 0
1622 0
1623 0
1624 0
1625 0
1626 1
1627 0
1628 0
1629 0
1630 0
1631 1
1632 0
1633 0
1634 1
1635 0
1636 1
1637 0
1638 0
1639 0
1640 1
1641 1
1642 1
1643 0
1644 0
1645 0
1646 1
1647 0
1648 1
1649 0
1650 1
1651 1
1652 0
1653 1
1654 0
1655 0
1656 1
1657 0
1658 0
1659 1
1660 0
1661 0
1662 1
1663 1
1664 0
1665 0
1666 1
1667 0
1668 0
1669 0
1670 0
1671 0
1672 0
1673 0
1674 0
1675 0
1676 1
1677 0
1678 0
1679 1
1680 1
1681 0
1682 1
1683 0
1684 1
1685 1
1686 0
1687 1
1688 0
1689 0
1690 0
1691 1
1692 0
1693 1
1694 1
1695 1
1696 1
1697 1
1698 0
1699 0
1700 0
1701 1
1702 1
1703 1
1704 1
1705 1
1706 1
1707 0
1708 0
1709 1
1710 1
1711 1
1712 0
1713 1
1714 0
1715 0
1716 1
1717 0
1718 0
1719 0
1720 0
1721 0
1722 1
1723 0
1724 0
1725 1
1726 1
1727 0
1728 0
1729 1
1730 0
1731 0
1732 0
1733 0
1734 0
1735 1
1736 1
1737 0
1738 0
1739 1
1740 0
1741 1
1742 0
1743 0
1744 0
1745 0
1746 0
1747 0
1748 1
1749 0
1750 1
1751 0
1752 1
1753 1
1754 0
1755 0
1756 0
1757 0
1758 1
1759 0
1760 0
1761 0
1762 0
1763 1
1764 0
1765 0
1766 1
1767 1
1768 0
1769 0
1770 1
1771 0
1772 1
1773 1
1774 0
1775 1
1776 1
1777 1
1778 0
1779 0
1780 1
1781 0
1782 0
1783 1
1784 0
1785 1
1786 0
1787 1
1788 1
1789 0
1790 1
1791 0
1792 0
1793 1
1794 1
1795 0
1796 0
1797 0
1798 1
1799 0
1800 0
1801 1
1802 0
1803 1
1804 0
1805 1
1806 1
1807 1
1808 1
1809 1
1810 1
1811 0
1812 0
1813 1
1814 1
1815 1
1816 0
1817 0
1818 0
1819 0
1820 1
1821 1
1822 0
1823 0
1824 1
1825 0
1826 1
1827 1
1828 1
1829 1
1830 1
1831 1
1832 1
1833 0
1834 0
1835 0
1836 0
1837 0
1838 1
1839 0
1840 1
1841 1
1842 1
1843 0
1844 0
1845 0
1846 0
1847 1
1848 1
1849 0
1850 0
1851 1
1852 1
1853 0
1854 1
1855 0
1856 1
1857 1
1858 1
1859 0
1860 0
1861 1
1862 1
1863 1
1864 1
1865 0
1866 1
1867 1
1868 1
1869 0
1870 0
1871 1
1872 0
1873 0
1874 0
1875 0
1876 0
1877 0
1878 1
1879 0
1880 1
1881 1
1882 0
1883 0
1884 0
1885 0
1886 1
1887 1
1888 0
1889 1
1890 1
1891 1
1892 0
1893 0
1894 0
1895 0
1896 0
1897 0
1898 0
1899 1
1900 0
1901 1
1902 0
1903 0
1904 0
1905 0
1906 0
1907 0
1908 1
1909 1
1910 1
1911 1
1912 0
1913 0
1914 0
1915 1
1916 0
1917 1
1918 0
1919 1
1920 0
1921 0
1922 0
1923 0
1924 0
1925 0
1926 0
1927 1
1928 1
1929 0
1930 0
1931 0
1932 1
1933 1
1934 0
1935 1
1936 0
1937 1
1938 0
1939 0
1940 0
1941 1
1942 1
1943 1
1944 1
1945 1
1946 1
1947 1
1948 0
1949 1
1950 0
1951 1
1952 0
1953 1
1954 0
1955 0
1956 0
1957 1
1958 0
1959 1
1960 0
1961 0
1962 0
1963 1
1964 0
1965 0
1966 0
1967 0
1968 0
1969 0
1970 0
1971 1
1972 1
1973 1
1974 1
1975 0
1976 0
1977 1
1978 1
1979 0
1980 1
1981 0
1982 1
1983 0
1984 0
1985 1
1986 0
1987 1
1988 0
1989 0
1990 0
1991 0
1992 1
1993 0
1994 1
1995 0
1996 1
1997 1
1998 0
1999 0
